MIN_LATITUDE = 41.13300;
MAX_LATITUDE = 41.17200;
MIN_LONGITUDE = -8.66000;
MAX_LONGITUDE = -8.57500;
NODES = 13025;
EDGES = 13853;

BOUNDARIES = true;
